>GCACGCTTCCCCAGGT	1-GCACGCTTCCCCAGGT	5.527499	-77.237557	0	T:25.0(80.65%),B:1.6(0.38%),P:1e-33	Tpos:13.0,Tstd:0.0,Bpos:457.8,Bstd:59.1,StrandBias:10.0,Multiplicity:1.00
0.221	0.001	0.777	0.001
0.001	0.997	0.001	0.001
0.997	0.001	0.001	0.001
0.001	0.997	0.001	0.001
0.388	0.001	0.610	0.001
0.195	0.389	0.222	0.195
0.198	0.194	0.001	0.607
0.001	0.001	0.001	0.997
0.194	0.804	0.001	0.001
0.001	0.997	0.001	0.001
0.001	0.997	0.001	0.001
0.196	0.583	0.220	0.001
0.997	0.001	0.001	0.001
0.194	0.001	0.781	0.024
0.024	0.001	0.781	0.194
0.001	0.222	0.194	0.583
>ATTKGGACHWGTGAAT	2-ATTKGGACHWGTGAAT	8.466343	-23.726263	0	T:14.0(45.16%),B:14.0(3.35%),P:1e-10	Tpos:13.3,Tstd:3.5,Bpos:535.8,Bstd:136.8,StrandBias:-0.2,Multiplicity:1.00
0.673	0.163	0.001	0.163
0.175	0.001	0.325	0.499
0.175	0.174	0.163	0.489
0.001	0.010	0.501	0.488
0.163	0.163	0.499	0.175
0.163	0.338	0.499	0.001
0.499	0.338	0.001	0.163
0.174	0.489	0.012	0.326
0.338	0.336	0.001	0.325
0.326	0.174	0.163	0.338
0.001	0.001	0.997	0.001
0.001	0.001	0.162	0.836
0.001	0.011	0.987	0.001
0.652	0.337	0.001	0.010
0.836	0.001	0.162	0.001
0.163	0.186	0.163	0.489
>GGACATCGGACTTTGT	3-GGACATCGGACTTTGT	14.260126	-8.111894	0	T:3.0(9.68%),B:0.0(0.00%),P:1e-3	Tpos:14.0,Tstd:0.0,Bpos:0.0,Bstd:0.0,StrandBias:-10.0,Multiplicity:1.00
0.001	0.001	0.997	0.001
0.001	0.122	0.876	0.001
0.997	0.001	0.001	0.001
0.001	0.997	0.001	0.001
0.997	0.001	0.001	0.001
0.122	0.001	0.001	0.876
0.122	0.876	0.001	0.001
0.001	0.061	0.937	0.001
0.001	0.001	0.876	0.122
0.876	0.122	0.001	0.001
0.001	0.997	0.001	0.001
0.001	0.001	0.122	0.876
0.122	0.001	0.001	0.876
0.001	0.001	0.001	0.997
0.001	0.001	0.997	0.001
0.001	0.001	0.001	0.997
>ABTGGGAHGCGTACCA	4-ABTGGGAHGCGTACCA	14.317341	-2.673036	0	T:1.0(3.23%),B:0.0(0.00%),P:1e-1	Tpos:10.0,Tstd:0.0,Bpos:0.0,Bstd:0.0,StrandBias:-10.0,Multiplicity:1.00
0.960	0.001	0.038	0.001
0.001	0.324	0.318	0.357
0.362	0.001	0.001	0.636
0.001	0.362	0.636	0.001
0.001	0.001	0.681	0.317
0.001	0.044	0.637	0.318
0.637	0.001	0.318	0.044
0.318	0.318	0.001	0.363
0.001	0.039	0.636	0.324
0.001	0.681	0.317	0.001
0.001	0.044	0.637	0.318
0.362	0.001	0.001	0.636
0.681	0.317	0.001	0.001
0.318	0.642	0.001	0.039
0.039	0.642	0.318	0.001
0.641	0.357	0.001	0.001
>KKKKKRRARMGYGTSW	5-KKKKKRRARMGYGTSW	13.477915	-2.673036	0	T:1.0(3.23%),B:0.1(0.02%),P:1e-1	Tpos:11.0,Tstd:1.0,Bpos:865.0,Bstd:0.0,StrandBias:-10.0,Multiplicity:1.00
0.001	0.001	0.532	0.466
0.001	0.065	0.467	0.467
0.001	0.001	0.466	0.532
0.001	0.001	0.466	0.532
0.001	0.001	0.466	0.532
0.467	0.065	0.467	0.001
0.467	0.065	0.467	0.001
0.997	0.001	0.001	0.001
0.532	0.001	0.466	0.001
0.466	0.532	0.001	0.001
0.001	0.065	0.933	0.001
0.065	0.467	0.001	0.467
0.001	0.001	0.997	0.001
0.001	0.001	0.001	0.997
0.001	0.532	0.466	0.001
0.466	0.001	0.001	0.532
